30 30 
50 500 
110000000000000010000000000000
110000000000000001000000000000
001100000000000111000000000000
001100000000000000000000000000
000000000000000000000000000000
000000000000000000000000000000
000000000000000000000000000000
000000000000000000000000000000
000000000000000000000000000000
000011100011100000000000000000
000000000000000000000000000000
001000010100001000000000000000
001000010100001000000000000000
001000010100001000000000000000
000011100011100000000000000000
000000000000000000000000000000
000011100011100000000000000000
001000010100001000000000000000
001000010100001000000000000000
001000010100001000000000000000
000000000000000000000000000000
000011100011100000000000000000
000000000000000000000000000000
000000000000000000000000000000
000000000000000000000000000000
000000000000000000000000000000
000000000000000000000000000000
000000000000000000000000000000
000000000000000000000000000000
000000000000000000000000000000 

EOF

