30 30
50 50
110000000000000000000000000000
110000000000000000000000000000
001100000000000000000000000000
001100000000000000000000000000
000000000000000000000000000000
000000000000000000000000000000
000000000000000000000000000000
000000000000000000000000000000
000000000000000000000000000000
000011000001100000000000000000
000001100011000000000000000000
001001010101001000000000000000
001110110110111000000000000000
000101010101010000000000000001
000011100011100000000000000101
000000000000000000000000000011
000011100011100000000000000000
000101010101010000000000000000
001110110110111000000000000000
001001010101001000000000000000
000001100011000000000000000000
000011000001100000000000000000
000000000000000000000000000000
000000000000000000000000000000
000000000000000000000000000000
000000000000000000000000000000
000000000000000000000000000000
000000000000000000000000000000
000000000000000000000000000000
000000000000000000000000000000

EOF

