30 30
10 10
000000000011010011001000000000
000000000010011101011001000000
000000000100000000000001100000
100000001101100100000001000000
110000000001001100000000001100
000000000000000000000000001000
000000011000000000000000000000
000000010000000000000000000000
000000000000001000001000000000
000000000000011000001100000000
000000000000100000000000000000
000000000000011000000000000000
000000000000010000000000000000
000110000000000000000000000000
000100000000000000000000000000
000000000000000000000000000000
000000000000000000000000000000
000110000000000000000000000000
000010000000000000000000000010
000000000000000000000000000011
000000000000000000000000100000
000000000000000000000001100011
000000000001010000100010000001
000000000010110000110001000000
000000010100000000001011000000
110000011000000000110000000000
010000000000000000100000000000
000000000000000000000000000000
000001100000000000000000000000
000000110000000000000000000000

EOF

